[FSWlow]
p_nclients=0.037
p_nsexworkers=0.00065
p_nM_ART=0.20
p_nF_ART=0.20
transmissionRatesHIV_ART=0.00058520544, 2.323288e-05, 0.00016657536000000002, 0

[FSWmed]
p_nclients=0.087
p_nsexworkers=0.087
p_nM_ART=0.20
p_nF_ART=0.20
transmissionRatesHIV_ART=0.00058520544, 2.323288e-05, 0.00016657536000000002, 0

[FSWhigh]
p_nclients=0.125
p_nsexworkers=0.0245
p_nM_ART=0.20
p_nF_ART=0.20
transmissionRatesHIV_ART=0.00058520544, 2.323288e-05, 0.00016657536000000002, 0

[MinPrEP]
p_nclients=0.087
p_nsexworkers=0.087
p_nM_ART=0.20
p_nF_ART=0.20
p_miners=0.08
p_PREP=0.1
transmissionRatesHIV_ART=0.00058520544, 2.323288e-05, 0.00016657536000000002, 0
transmissionRatesHIV_PREP=0.0029260272000000004, 0.00011616440000000001, 0.0008328768,0

